1
0.990099
0.980296
0.97059
0.96098
0.951466
0.942045
0.932718
0.923483
0.91434
0.905287
0.896324
0.887449
0.878663
0.869963
0.861349
0.852821
0.844377
0.836017
0.82774
0.819544
0.81143
0.803396
0.795442
0.787566
0.779768
0.772048
0.764404
0.756836
0.749342
0.741923
0.734577
0.727304
0.720103
0.712973
0.705914
0.698925
0.692005
0.685153
0.67837
0.671653
0.665003
0.658419
0.6519
0.645445
0.639055
0.632728
0.626463
0.62026
0.614119
0.608039
0.602019
0.596058
0.590156
0.584313
0.578528
0.5728
0.567129
0.561514
0.555954
0.55045
0.545
0.539604
0.534261
0.528971
0.523734
0.518548
0.513414
0.508331
0.503298
0.498315
0.493381
0.488496
0.483659
0.478871
0.474129
0.469435
0.464787
0.460185
0.455629
0.451118
0.446651
0.442229
0.437851
0.433515
0.429223
0.424974
0.420766
0.4166
0.412475
0.408391
0.404348
0.400344
0.39638
0.392456
0.38857
0.384723
0.380914
0.377142
0.373408
0.369711
0.366051
0.362426
0.358838
0.355285
0.351768
0.348285
0.344836
0.341422
0.338042
0.334695
0.331381
0.3281
0.324851
0.321635
0.318451
0.315298
0.312176
0.309085
0.306025
0.302995
0.299995
0.297025
0.294084
0.291172
0.288289
0.285435
0.282609
0.279811
0.27704
0.274297
0.271581
0.268892
0.26623
0.263594
0.260984
0.2584
0.255842
0.253309
0.250801
0.248318
0.245859
0.243425
0.241015
0.238628
0.236266
0.233927
0.23161
0.229317
0.227047
0.224799
0.222573
0.220369
0.218187
0.216027
0.213888
0.211771
0.209674
0.207598
0.205542
0.203507
0.201492
0.199497
0.197522
0.195567
0.19363
0.191713
0.189815
0.187936
0.186075
0.184233
0.182409
0.180602
0.178814
0.177044
0.175291
0.173555
0.171837
0.170136
0.168451
0.166783
0.165132
0.163497
0.161878
0.160276
0.158689
0.157117
0.155562
0.154022
0.152497
0.150987
0.149492
0.148012
0.146546
0.145095
0.143659
0.142236
0.140828
0.139434
0.138053
0.136686
0.135333
0.133993
0.132666
0.131353
0.130052
0.128765
0.12749
0.126228
0.124978
0.12374
0.122515
0.121302
0.120101
0.118912
0.117735
0.116569
0.115415
0.114272
0.113141
0.112021
0.110911
0.109813
0.108726
0.10765
0.106584
0.105528
0.104484
0.103449
0.102425
0.101411
0.100407
0.0994126
0.0984283
0.0974537
0.0964889
0.0955335
0.0945876
0.0936511
0.0927239
0.0918058
0.0908969
0.0899969
0.0891058
0.0882236
0.0873501
0.0864853
0.085629
0.0847811
0.0839417
0.0831106
0.0822877
0.081473
0.0806664
0.0798677
0.0790769
0.078294
0.0775188
0.0767513
0.0759914
0.075239
0.074494
0.0737565
0.0730262
0.0723032
0.0715873
0.0708785
0.0701767
0.0694819
0.068794
0.0681129
0.0674385
0.0667708
0.0661097
0.0654551
0.064807
0.0641654
0.0635301
0.0629011
0.0622783
0.0616617
0.0610512
0.0604467
0.0598482
0.0592557
0.058669
0.0580881
0.057513
0.0569435
0.0563797
0.0558215
0.0552688
0.0547216
0.0541798
0.0536434
0.0531123
0.0525864
0.0520657
0.0515502
0.0510398
0.0505345
0.0500341
0.0495388
0.0490483
0.0485626
0.0480818
0.0476058
0.0471344
0.0466678
0.0462057
0.0457482
0.0452953
0.0448468
0.0444028
0.0439631
0.0435279
0.0430969
0.0426702
0.0422477
0.0418294
0.0414153
0.0410052
0.0405992
0.0401972
0.0397993
0.0394052
0.039015
0.0386288
0.0382463
0.0378676
0.0374927
0.0371215
0.0367539
0.03639
0.0360297
0.035673
0.0353198
0.0349701
0.0346239
0.0342811
0.0339416
0.0336056
0.0332729
0.0329434
0.0326173
0.0322943
0.0319746
0.031658
0.0313445
0.0310342
0.0307269
0.0304227
0.0301215
0.0298233
0.029528
0.0292356
0.0289462
0.0286596
0.0283758
0.0280949
0.0278167
0.0275413
0.0272686
0.0269986
0.0267313
0.0264666
0.0262046
0.0259451
0.0256882
0.0254339
0.0251821
0.0249328
0.0246859
0.0244415
0.0241995
0.0239599
0.0237227
0.0234878
0.0232552
0.023025
0.022797
0.0225713
0.0223478
0.0221266
0.0219075
0.0216906
0.0214758
0.0212632
0.0210527
0.0208442
0.0206378
0.0204335
0.0202312
0.0200309
0.0198326
0.0196362
0.0194418
0.0192493
0.0190587
0.01887
0.0186832
0.0184982
0.018315
0.0181337
0.0179542
0.0177764
0.0176004
0.0174261
0.0172536
0.0170828
0.0169136
0.0167462
0.0165804
0.0164162
0.0162537
0.0160927
0.0159334
0.0157756
0.0156195
0.0154648
0.0153117
0.0151601
0.01501
0.0148614
0.0147142
0.0145685
0.0144243
0.0142815
0.0141401
0.0140001
0.0138615
0.0137242
0.0135883
0.0134538
0.0133206
0.0131887
0.0130581
0.0129288
0.0128008
0.0126741
0.0125486
0.0124244
0.0123014
0.0121796
0.012059
0.0119396
0.0118214
0.0117043
0.0115884
0.0114737
0.0113601
0.0112476
0.0111363
0.011026
0.0109168
0.0108087
0.0107017
0.0105958
0.0104909
0.010387
0.0102841
0.0101823
0.0100815
0.00998169
0.00988286
0.00978501
0.00968813
0.0095922
0.00949723
0.0094032
0.0093101
0.00921792
0.00912665
0.00903629
0.00894682
0.00885824
0.00877053
0.0086837
0.00859772
0.00851259
0.00842831
0.00834486
0.00826224
0.00818044
0.00809944
0.00801925
0.00793985
0.00786124
0.0077834
0.00770634
0.00763004
0.0075545
0.0074797
0.00740564
0.00733232
0.00725972
0.00718784
0.00711668
0.00704621
0.00697645
0.00690738
0.00683899
0.00677127
0.00670423
0.00663785
0.00657213
0.00650706
0.00644263
0.00637885
0.00631569
0.00625316
0.00619125
0.00612995
0.00606925
0.00600916
0.00594966
0.00589076
0.00583243
0.00577469
0.00571751
0.0056609
0.00560485
0.00554936
0.00549442
0.00544002
0.00538615
0.00533283
0.00528003
0.00522775
0.00517599
0.00512474
0.005074
0.00502376
0.00497402
0.00492478
0.00487601
0.00482774
0.00477994
0.00473261
0.00468575
0.00463936
0.00459343
0.00454795
0.00450292
0.00445833
0.00441419
0.00437049
0.00432722
0.00428437
0.00424195
0.00419995
0.00415837
0.0041172
0.00407643
0.00403607
0.00399611
0.00395655
0.00391737
0.00387859
0.00384018
0.00380216
0.00376452
0.00372724
0.00369034
0.0036538
0.00361763
0.00358181
0.00354635
0.00351123
0.00347647
0.00344205
0.00340797
0.00337423
0.00334082
0.00330774
0.00327499
0.00324257
0.00321046
0.00317867
0.0031472
0.00311604
0.00308519
0.00305464
0.0030244
0.00299445
0.00296481
0.00293545
0.00290639
0.00287761
0.00284912
0.00282091
0.00279298
0.00276533
0.00273795
0.00271084
0.002684
0.00265743
0.00263112
0.00260506
0.00257927
0.00255373
0.00252845
0.00250342
0.00247863
0.00245409
0.00242979
0.00240573
0.00238191
0.00235833
0.00233498
0.00231186
0.00228897
0.00226631
0.00224387
0.00222165
0.00219966
0.00217788
0.00215632
0.00213497
0.00211383
0.0020929
0.00207218
0.00205166
0.00203135
0.00201123
0.00199132
0.00197161
0.00195208
0.00193276
0.00191362
0.00189467
0.00187591
0.00185734
0.00183895
0.00182074
0.00180272
0.00178487
0.0017672
0.0017497
0.00173238
0.00171522
0.00169824
0.00168143
0.00166478
0.0016483
0.00163198
0.00161582
0.00159982
0.00158398
0.0015683
0.00155277
0.0015374
0.00152217
0.0015071
0.00149218
0.00147741
0.00146278
0.0014483
0.00143396
0.00141976
0.0014057
0.00139178
0.001378
0.00136436
0.00135085
0.00133748
0.00132423
0.00131112
0.00129814
0.00128529
0.00127256
0.00125996
0.00124749
0.00123514
0.00122291
0.0012108
0.00119881
0.00118694
0.00117519
0.00116356
0.00115204
0.00114063
0.00112934
0.00111815
0.00110708
0.00109612
0.00108527
0.00107452
0.00106389
0.00105335
0.00104292
0.0010326
0.00102237
0.00101225
0.00100223
0.000992305
0.00098248
0.000972753
0.000963122
0.000953586
0.000944144
0.000934796
0.000925541
0.000916377
0.000907304
0.000898321
0.000889427
0.00088062
0.000871901
0.000863269
0.000854721
0.000846259
0.00083788
0.000829584
0.000821371
0.000813238
0.000805186
0.000797214
0.000789321
0.000781506
0.000773768
0.000766107
0.000758522
0.000751012
0.000743576
0.000736214
0.000728925
0.000721708
0.000714562
0.000707487
0.000700482
0.000693547
0.00068668
0.000679881
0.00067315
0.000666485
0.000659886
0.000653352
0.000646884
0.000640479
0.000634137
0.000627859
0.000621642
0.000615488
0.000609394
0.00060336
0.000597386
0.000591471
0.000585615
0.000579817
0.000574076
0.000568392
0.000562765
0.000557193
0.000551676
0.000546214
0.000540806
0.000535451
0.00053015
0.000524901
0.000519704
0.000514558
0.000509464
0.000504419
0.000499425
0.00049448
0.000489585
0.000484737
0.000479938
0.000475186
0.000470481
0.000465823
0.000461211
0.000456644
0.000452123
0.000447647
0.000443214
0.000438826
0.000434481
0.00043018
0.00042592
0.000421703
0.000417528
0.000413394
0.000409301
0.000405249
0.000401236
0.000397264
0.00039333
0.000389436
0.00038558
0.000381763
0.000377983
0.00037424
0.000370535
0.000366866
0.000363234
0.000359638
0.000356077
0.000352551
0.000349061
0.000345605
0.000342183
0.000338795
0.00033544
0.000332119
0.000328831
0.000325575
0.000322352
0.00031916
0.000316
0.000312871
0.000309774
0.000306707
0.00030367
0.000300663
0.000297686
0.000294739
0.000291821
0.000288931
0.000286071
0.000283238
0.000280434
0.000277657
0.000274908
0.000272187
0.000269492
0.000266823
0.000264182
0.000261566
0.000258976
0.000256412
0.000253873
0.00025136
0.000248871
0.000246407
0.000243967
0.000241552
0.00023916
0.000236792
0.000234448
0.000232126
0.000229828
0.000227553
0.0002253
0.000223069
0.00022086
0.000218674
0.000216509
0.000214365
0.000212242
0.000210141
0.00020806
0.000206
0.000203961
0.000201941
0.000199942
0.000197962
0.000196002
0.000194062
0.00019214
0.000190238
0.000188354
0.00018649
0.000184643
0.000182815
0.000181005
0.000179213
0.000177438
0.000175682
0.000173942
0.00017222
0.000170515
0.000168827
0.000167155
0.0001655
0.000163861
0.000162239
0.000160633
0.000159042
0.000157468
0.000155908
0.000154365
0.000152836
0.000151323
0.000149825
0.000148342
0.000146873
0.000145419
0.000143979
0.000142553
0.000141142
0.000139744
0.000138361
0.000136991
0.000135635
0.000134292
0.000132962
0.000131646
0.000130342
0.000129052
0.000127774
0.000126509
0.000125256
0.000124016
0.000122788
0.000121573
0.000120369
0.000119177
0.000117997
0.000116829
0.000115672
0.000114527
0.000113393
0.00011227
0.000111159
0.000110058
0.000108968
0.000107889
0.000106821
0.000105764
0.000104716
0.00010368
0.000102653
0.000101637
0.00010063
9.96341e-05
9.86476e-05
9.76709e-05
9.67038e-05
9.57464e-05
9.47984e-05
9.38598e-05
9.29305e-05
9.20104e-05
9.10994e-05
9.01974e-05
8.93044e-05
8.84202e-05
8.75447e-05
8.6678e-05
8.58198e-05
8.49701e-05
8.41288e-05
8.32958e-05
8.24711e-05
8.16546e-05
8.08461e-05
8.00456e-05
7.92531e-05
7.84684e-05
7.76915e-05
7.69223e-05
7.61607e-05
7.54066e-05
7.466e-05
7.39208e-05
7.31889e-05
7.24643e-05
7.17468e-05
7.10364e-05
7.03331e-05
6.96367e-05
6.89473e-05
6.82646e-05
6.75887e-05
6.69195e-05
6.6257e-05
6.5601e-05
6.49514e-05
6.43084e-05
6.36716e-05
6.30412e-05
6.24171e-05
6.17991e-05
6.11872e-05
6.05814e-05
5.99816e-05
5.93877e-05
5.87997e-05
5.82175e-05
5.76411e-05
5.70704e-05
5.65054e-05
5.59459e-05
5.5392e-05
5.48435e-05
5.43005e-05
5.37629e-05
5.32306e-05
5.27036e-05
5.21817e-05
5.16651e-05
5.11536e-05
5.06471e-05
5.01456e-05
4.96491e-05
4.91576e-05
4.86709e-05
4.8189e-05
4.77118e-05
4.72395e-05
4.67717e-05
4.63086e-05
4.58501e-05
4.53962e-05
4.49467e-05
4.45017e-05
4.40611e-05
4.36248e-05
4.31929e-05
4.27653e-05
4.23418e-05
4.19226e-05
4.15075e-05
4.10966e-05
4.06897e-05
4.02868e-05
3.98879e-05
3.9493e-05
3.9102e-05
3.87148e-05
3.83315e-05
3.7952e-05
3.75762e-05
3.72042e-05
3.68358e-05
3.64711e-05
3.611e-05
3.57525e-05
3.53985e-05
3.5048e-05
3.4701e-05
3.43574e-05
3.40173e-05
3.36805e-05
3.3347e-05
3.30168e-05
3.26899e-05
3.23663e-05
3.20458e-05
3.17285e-05
3.14144e-05
3.11033e-05
3.07954e-05
3.04905e-05
3.01886e-05
2.98897e-05
2.95938e-05
2.93008e-05
2.90107e-05
2.87234e-05
2.8439e-05
2.81575e-05
2.78787e-05
2.76026e-05
2.73293e-05
2.70588e-05
2.67909e-05
2.65256e-05
2.6263e-05
2.60029e-05
2.57455e-05
2.54906e-05
2.52382e-05
2.49883e-05
2.47409e-05
2.44959e-05
2.42534e-05
2.40133e-05
2.37755e-05
2.35401e-05
2.3307e-05
2.30763e-05
2.28478e-05
2.26216e-05
2.23976e-05
2.21759e-05
2.19563e-05
2.17389e-05
2.15237e-05
2.13106e-05
2.10996e-05
2.08907e-05
2.06838e-05
2.0479e-05
2.02763e-05
2.00755e-05
1.98767e-05
1.96799e-05
1.94851e-05
1.92922e-05
1.91012e-05
1.8912e-05
1.87248e-05
1.85394e-05
1.83558e-05
1.81741e-05
1.79942e-05
1.7816e-05
1.76396e-05
1.7465e-05
1.7292e-05
1.71208e-05
1.69513e-05
1.67835e-05
1.66173e-05
1.64528e-05
1.62899e-05
1.61286e-05
1.59689e-05
1.58108e-05
1.56543e-05
1.54993e-05
1.53458e-05
1.51939e-05
1.50434e-05
1.48945e-05
1.4747e-05
1.4601e-05
1.44564e-05
1.43133e-05
1.41716e-05
1.40313e-05
1.38924e-05
1.37548e-05
1.36186e-05
1.34838e-05
1.33503e-05
1.32181e-05
1.30872e-05
1.29577e-05
1.28294e-05
1.27023e-05
1.25766e-05
1.2452e-05
1.23288e-05
1.22067e-05
1.20858e-05
1.19662e-05
1.18477e-05
1.17304e-05
1.16142e-05
1.14993e-05
1.13854e-05
1.12727e-05
1.11611e-05
1.10506e-05
1.09411e-05
1.08328e-05
1.07256e-05
1.06194e-05
1.05142e-05
1.04101e-05
1.03071e-05
1.0205e-05
1.0104e-05
1.00039e-05
9.90488e-06
9.80681e-06
9.70971e-06
9.61358e-06
9.51839e-06
9.42415e-06
9.33084e-06
9.23846e-06
9.14699e-06
9.05643e-06
8.96676e-06
8.87798e-06
8.79008e-06
8.70305e-06
8.61688e-06
8.53156e-06
8.44709e-06
8.36346e-06
8.28065e-06
8.19866e-06
8.11749e-06
8.03712e-06
7.95754e-06
7.87875e-06
7.80075e-06
7.72351e-06
7.64704e-06
7.57133e-06
7.49636e-06
7.42214e-06
7.34866e-06
7.2759e-06
7.20386e-06
7.13253e-06
7.06191e-06
6.99199e-06
6.92277e-06
6.85422e-06
6.78636e-06
6.71917e-06
6.65264e-06
6.58678e-06
6.52156e-06
6.45699e-06
6.39306e-06
6.32976e-06
6.26709e-06
6.20504e-06
6.1436e-06
6.08278e-06
6.02255e-06
5.96292e-06
5.90388e-06
5.84543e-06
5.78755e-06
5.73025e-06
5.67352e-06
5.61734e-06
5.56172e-06
5.50666e-06
5.45214e-06
5.39816e-06
5.34471e-06
5.29179e-06
5.2394e-06
5.18752e-06
5.13616e-06
5.08531e-06
5.03496e-06
4.98511e-06
4.93575e-06
4.88688e-06
4.83849e-06
4.79059e-06
4.74316e-06
4.6962e-06
4.6497e-06
4.60366e-06
4.55808e-06
4.51295e-06
4.46827e-06
4.42403e-06
4.38023e-06
4.33686e-06
4.29392e-06
4.2514e-06
4.20931e-06
4.16763e-06
4.12637e-06
4.08552e-06
4.04507e-06
4.00501e-06
3.96536e-06
3.9261e-06
3.88723e-06
3.84874e-06
3.81063e-06
3.77291e-06
3.73555e-06
3.69856e-06
3.66194e-06
3.62569e-06
3.58979e-06
3.55425e-06
3.51906e-06
3.48421e-06
3.44972e-06
3.41556e-06
3.38174e-06
3.34826e-06
3.31511e-06
3.28229e-06
3.24979e-06
3.21761e-06
3.18576e-06
3.15421e-06
3.12298e-06
3.09206e-06
3.06145e-06
3.03114e-06
3.00113e-06
2.97141e-06
2.94199e-06
2.91286e-06
2.88402e-06
2.85547e-06
2.8272e-06
2.7992e-06
2.77149e-06
2.74405e-06
2.71688e-06
2.68998e-06
2.66335e-06
2.63698e-06
2.61087e-06
2.58502e-06
2.55942e-06
2.53408e-06
2.50899e-06
2.48415e-06
2.45956e-06
2.4352e-06
2.41109e-06
2.38722e-06
2.36359e-06
2.34018e-06
2.31701e-06
2.29407e-06
2.27136e-06
2.24887e-06
2.2266e-06
2.20456e-06
2.18273e-06
2.16112e-06
2.13972e-06
2.11854e-06
2.09756e-06
2.07679e-06
2.05623e-06
2.03587e-06
2.01572e-06
1.99576e-06
1.976e-06
1.95643e-06
1.93706e-06
1.91788e-06
1.8989e-06
1.88009e-06
1.86148e-06
1.84305e-06
1.8248e-06
1.80673e-06
1.78885e-06
1.77113e-06
1.7536e-06
1.73624e-06
1.71905e-06
1.70203e-06
1.68517e-06
1.66849e-06
1.65197e-06
1.63561e-06
1.61942e-06
1.60338e-06
1.58751e-06
1.57179e-06
1.55623e-06
1.54082e-06
1.52557e-06
1.51046e-06
1.49551e-06
1.4807e-06
1.46604e-06
1.45152e-06
1.43715e-06
1.42292e-06
1.40883e-06
1.39489e-06
1.38107e-06
1.3674e-06
1.35386e-06
1.34046e-06
1.32719e-06
1.31405e-06
1.30103e-06
1.28815e-06
1.2754e-06
1.26277e-06
1.25027e-06
1.23789e-06
1.22563e-06
1.2135e-06
1.20148e-06
1.18959e-06
1.17781e-06
1.16615e-06
1.1546e-06
1.14317e-06
1.13185e-06
1.12065e-06
1.10955e-06
1.09856e-06
1.08769e-06
1.07692e-06
1.06626e-06
1.0557e-06
1.04525e-06
1.0349e-06
1.02465e-06
1.01451e-06
1.00446e-06
9.94516e-07
9.84669e-07
9.7492e-07
9.65268e-07
9.5571e-07
9.46248e-07
9.36879e-07
9.27603e-07
9.18419e-07
9.09326e-07
9.00322e-07
8.91408e-07
8.82583e-07
8.73844e-07
8.65192e-07
8.56626e-07
8.48144e-07
8.39747e-07
8.31433e-07
8.23201e-07
8.1505e-07
8.0698e-07
7.9899e-07
7.9108e-07
7.83247e-07
7.75492e-07
7.67814e-07
7.60212e-07
7.52685e-07
7.45233e-07
7.37854e-07
7.30549e-07
7.23316e-07
7.16154e-07
7.09063e-07
7.02043e-07
6.95092e-07
6.8821e-07
6.81396e-07
6.7465e-07
6.6797e-07
6.61356e-07
6.54808e-07
6.48325e-07
6.41906e-07
6.3555e-07
6.29258e-07
6.23028e-07
6.16859e-07
6.10751e-07
6.04704e-07
5.98717e-07
5.92789e-07
5.8692e-07
5.81109e-07
5.75355e-07
5.69659e-07
5.64019e-07
5.58434e-07
5.52905e-07
5.47431e-07
5.42011e-07
5.36644e-07
5.31331e-07
5.2607e-07
5.20862e-07
5.15705e-07
5.10599e-07
5.05543e-07
5.00538e-07
4.95582e-07
4.90675e-07
4.85817e-07
4.81007e-07
4.76245e-07
4.71529e-07
4.66861e-07
4.62238e-07
4.57662e-07
4.5313e-07
4.48644e-07
4.44202e-07
4.39804e-07
4.35449e-07
4.31138e-07
4.26869e-07
4.22643e-07
4.18458e-07
4.14315e-07
4.10213e-07
4.06152e-07
4.0213e-07
3.98149e-07
3.94207e-07
3.90304e-07
3.86439e-07
3.82613e-07
3.78825e-07
3.75074e-07
3.71361e-07
3.67684e-07
3.64043e-07
3.60439e-07
3.5687e-07
3.53337e-07
3.49838e-07
3.46375e-07
3.42945e-07
3.3955e-07
3.36188e-07
3.32859e-07
3.29564e-07
3.26301e-07
3.2307e-07
3.19871e-07
3.16704e-07
3.13569e-07
3.10464e-07
3.0739e-07
3.04347e-07
3.01333e-07
2.9835e-07
2.95396e-07
2.92471e-07
2.89575e-07
2.86708e-07
2.83869e-07
2.81059e-07
2.78276e-07
2.75521e-07
2.72793e-07
2.70092e-07
2.67418e-07
2.6477e-07
2.62149e-07
2.59553e-07
2.56983e-07
2.54439e-07
2.5192e-07
2.49426e-07
2.46956e-07
2.44511e-07
2.4209e-07
2.39693e-07
2.3732e-07
2.3497e-07
2.32644e-07
2.3034e-07
2.2806e-07
2.25802e-07
2.23566e-07
2.21352e-07
2.19161e-07
2.16991e-07
2.14843e-07
2.12715e-07
2.10609e-07
2.08524e-07
2.06459e-07
2.04415e-07
2.02391e-07
2.00388e-07
1.98403e-07
1.96439e-07
1.94494e-07
1.92568e-07
1.90662e-07
1.88774e-07
1.86905e-07
1.85054e-07
1.83222e-07
1.81408e-07
1.79612e-07
1.77834e-07
1.76073e-07
1.7433e-07
1.72604e-07
1.70895e-07
1.69203e-07
1.67527e-07
1.65869e-07
1.64226e-07
1.626e-07
1.60991e-07
1.59397e-07
1.57818e-07
1.56256e-07
1.54709e-07
1.53177e-07
1.5166e-07
1.50159e-07
1.48672e-07
1.472e-07
1.45743e-07
1.443e-07
1.42871e-07
1.41456e-07
1.40056e-07
1.38669e-07
1.37296e-07
1.35937e-07
1.34591e-07
1.33258e-07
1.31939e-07
1.30633e-07
1.29339e-07
1.28059e-07
1.26791e-07
1.25535e-07
1.24292e-07
1.23062e-07
1.21843e-07
1.20637e-07
1.19443e-07
1.1826e-07
1.17089e-07
1.1593e-07
1.14782e-07
1.13646e-07
1.1252e-07
1.11406e-07
1.10303e-07
1.09211e-07
1.0813e-07
1.07059e-07
1.05999e-07
1.0495e-07
1.03911e-07
1.02882e-07
1.01863e-07
1.00855e-07
9.98561e-08
9.88674e-08
9.78885e-08
9.69193e-08
9.59597e-08
9.50096e-08
9.40689e-08
9.31376e-08
9.22154e-08
9.13024e-08
9.03984e-08
8.95034e-08
8.86172e-08
8.77398e-08
8.68711e-08
8.6011e-08
8.51594e-08
8.43162e-08
8.34814e-08
8.26549e-08
8.18365e-08
8.10262e-08
8.0224e-08
7.94297e-08
7.86433e-08
7.78646e-08
7.70937e-08
7.63304e-08
7.55746e-08
7.48264e-08
7.40855e-08
7.3352e-08
7.26257e-08
7.19067e-08
7.11947e-08
7.04898e-08
6.97919e-08
6.91009e-08
6.84167e-08
6.77393e-08
6.70686e-08
6.64046e-08
6.57471e-08
6.50962e-08
6.44516e-08
6.38135e-08
6.31817e-08
6.25561e-08
6.19368e-08
6.13235e-08
6.07164e-08
6.01152e-08
5.952e-08
5.89307e-08
5.83472e-08
5.77695e-08
5.71976e-08
5.66313e-08
5.60705e-08
5.55154e-08
5.49657e-08
5.44215e-08
5.38827e-08
5.33492e-08
5.2821e-08
5.2298e-08
5.17802e-08
5.12675e-08
5.07599e-08
5.02574e-08
4.97598e-08
4.92671e-08
4.87793e-08
4.82963e-08
4.78182e-08
4.73447e-08
4.68759e-08
4.64118e-08
4.59523e-08
4.54973e-08
4.50469e-08
4.46009e-08
4.41593e-08
4.3722e-08
4.32892e-08
4.28605e-08
4.24362e-08
4.2016e-08
4.16e-08
4.11881e-08
4.07803e-08
4.03766e-08
3.99768e-08
3.9581e-08
3.91891e-08
3.88011e-08
3.84169e-08
3.80366e-08
3.766e-08
3.72871e-08
3.69179e-08
3.65524e-08
3.61905e-08
3.58322e-08
3.54774e-08
3.51261e-08
3.47783e-08
3.4434e-08
3.40931e-08
3.37555e-08
3.34213e-08
3.30904e-08
3.27628e-08
3.24384e-08
3.21172e-08
3.17992e-08
3.14844e-08
3.11727e-08
3.0864e-08
3.05584e-08
3.02559e-08
2.99563e-08
2.96597e-08
2.9366e-08
2.90753e-08
2.87874e-08
2.85024e-08
2.82202e-08
2.79408e-08
2.76641e-08
2.73902e-08
2.71191e-08
2.68505e-08
2.65847e-08
2.63215e-08
2.60609e-08
2.58028e-08
2.55474e-08
2.52944e-08
2.5044e-08
2.4796e-08
2.45505e-08
2.43074e-08
2.40668e-08
2.38285e-08
2.35926e-08
2.3359e-08
2.31277e-08
2.28987e-08
2.2672e-08
2.24475e-08
2.22253e-08
2.20052e-08
2.17873e-08
2.15716e-08
2.1358e-08
2.11466e-08
2.09372e-08
2.07299e-08
2.05247e-08
2.03214e-08
2.01202e-08
1.9921e-08
1.97238e-08
1.95285e-08
1.93352e-08
1.91437e-08
1.89542e-08
1.87665e-08
1.85807e-08
1.83967e-08
1.82146e-08
1.80343e-08
1.78557e-08
1.76789e-08
1.75039e-08
1.73306e-08
1.7159e-08
1.69891e-08
1.68209e-08
1.66543e-08
1.64894e-08
1.63262e-08
1.61645e-08
1.60045e-08
1.5846e-08
1.56891e-08
1.55338e-08
1.538e-08
1.52277e-08
1.50769e-08
1.49277e-08
1.47799e-08
1.46335e-08
1.44887e-08
1.43452e-08
1.42032e-08
1.40625e-08
1.39233e-08
1.37855e-08
1.3649e-08
1.35138e-08
1.338e-08
1.32476e-08
1.31164e-08
1.29865e-08
1.28579e-08
1.27306e-08
1.26046e-08
1.24798e-08
1.23562e-08
1.22339e-08
1.21128e-08
1.19928e-08
1.18741e-08
1.17565e-08
1.16401e-08
1.15249e-08
1.14108e-08
1.12978e-08
1.11859e-08
1.10752e-08
1.09655e-08
1.0857e-08
1.07495e-08
1.0643e-08
1.05377e-08
1.04333e-08
1.033e-08
1.02277e-08
1.01265e-08
1.00262e-08
9.92695e-09
9.82866e-09
9.73135e-09
9.635e-09
9.5396e-09
9.44515e-09
9.35163e-09
9.25904e-09
9.16737e-09
9.0766e-09
8.98674e-09
8.89776e-09
8.80966e-09
8.72244e-09
8.63608e-09
8.55057e-09
8.46591e-09
8.38209e-09
8.2991e-09
8.21693e-09
8.13558e-09
8.05503e-09
7.97527e-09
7.89631e-09
7.81813e-09
7.74072e-09
7.66408e-09
7.5882e-09
7.51307e-09
7.43868e-09
7.36503e-09
7.29211e-09
7.21991e-09
7.14843e-09
7.07765e-09
7.00757e-09
6.93819e-09
6.8695e-09
6.80148e-09
6.73414e-09
6.66747e-09
6.60145e-09
6.53609e-09
6.47138e-09
6.4073e-09
6.34387e-09
6.28105e-09
6.21887e-09
6.15729e-09
6.09633e-09
6.03597e-09
5.97621e-09
5.91704e-09
5.85845e-09
5.80045e-09
5.74302e-09
5.68616e-09
5.62986e-09
5.57412e-09
5.51893e-09
5.46428e-09
5.41018e-09
5.35662e-09
5.30358e-09
5.25107e-09
5.19908e-09
5.1476e-09
5.09664e-09
5.04618e-09
4.99621e-09
4.94675e-09
4.89777e-09
4.84928e-09
4.80126e-09
4.75373e-09
4.70666e-09
4.66006e-09
4.61392e-09
4.56824e-09
4.52301e-09
4.47822e-09
4.43389e-09
4.38999e-09
4.34652e-09
4.30349e-09
4.26088e-09
4.21869e-09
4.17692e-09
4.13557e-09
4.09462e-09
4.05408e-09
4.01394e-09
3.9742e-09
3.93485e-09
3.89589e-09
3.85732e-09
3.81912e-09
3.78131e-09
3.74387e-09
3.70681e-09
3.6701e-09
3.63377e-09
3.59779e-09
3.56217e-09
3.5269e-09
3.49198e-09
3.4574e-09
3.42317e-09
3.38928e-09
3.35572e-09
3.3225e-09
3.2896e-09
3.25703e-09
3.22478e-09
3.19285e-09
3.16124e-09
3.12994e-09
3.09895e-09
3.06827e-09
3.03789e-09
3.00781e-09
2.97803e-09
2.94855e-09
2.91935e-09
2.89045e-09
2.86183e-09
2.8335e-09
2.80544e-09
2.77767e-09
2.75016e-09
2.72293e-09
2.69597e-09
2.66928e-09
2.64285e-09
2.61669e-09
2.59078e-09
2.56513e-09
2.53973e-09
2.51458e-09
2.48969e-09
2.46504e-09
2.44063e-09
2.41647e-09
2.39254e-09
2.36885e-09
2.3454e-09
2.32218e-09
2.29918e-09
2.27642e-09
2.25388e-09
2.23157e-09
2.20947e-09
2.1876e-09
2.16594e-09
2.14449e-09
2.12326e-09
2.10224e-09
2.08142e-09
2.06081e-09
2.04041e-09
2.02021e-09
2.00021e-09
1.9804e-09
1.96079e-09
1.94138e-09
1.92216e-09
1.90313e-09
1.88428e-09
1.86563e-09
1.84716e-09
1.82887e-09
1.81076e-09
1.79283e-09
1.77508e-09
1.75751e-09
1.7401e-09
1.72288e-09
1.70582e-09
1.68893e-09
1.67221e-09
1.65565e-09
1.63926e-09
1.62303e-09
1.60696e-09
1.59105e-09
1.57529e-09
1.5597e-09
1.54425e-09
1.52896e-09
1.51383e-09
1.49884e-09
1.484e-09
1.46931e-09
1.45476e-09
1.44035e-09
1.42609e-09
1.41197e-09
1.39799e-09
1.38415e-09
1.37045e-09
1.35688e-09
1.34344e-09
1.33014e-09
1.31697e-09
1.30393e-09
1.29102e-09
1.27824e-09
1.26559e-09
1.25305e-09
1.24065e-09
1.22836e-09
1.2162e-09
1.20416e-09
1.19224e-09
1.18043e-09
1.16875e-09
1.15717e-09
1.14572e-09
1.13437e-09
1.12314e-09
1.11202e-09
1.10101e-09
1.09011e-09
1.07932e-09
1.06863e-09
1.05805e-09
1.04758e-09
1.0372e-09
1.02693e-09
1.01677e-09
1.0067e-09
9.96732e-10
9.86863e-10
9.77092e-10
9.67418e-10
9.5784e-10
9.48356e-10
9.38967e-10
9.2967e-10
9.20465e-10
9.11352e-10
9.02328e-10
8.93395e-10
8.84549e-10
8.75791e-10
8.6712e-10
8.58535e-10
8.50034e-10
8.41618e-10
8.33285e-10
8.25035e-10
8.16866e-10
8.08778e-10
8.00771e-10
7.92842e-10
7.84992e-10
7.7722e-10
7.69525e-10
7.61906e-10
7.54362e-10
7.46893e-10
7.39498e-10
7.32177e-10
7.24927e-10
7.1775e-10
7.10643e-10
7.03607e-10
6.96641e-10
6.89743e-10
6.82914e-10
6.76153e-10
6.69458e-10
6.6283e-10
6.56267e-10
6.4977e-10
6.43336e-10
6.36966e-10
6.3066e-10
6.24416e-10
6.18233e-10
6.12112e-10
6.06052e-10
6.00051e-10
5.9411e-10
5.88228e-10
5.82404e-10
5.76637e-10
5.70928e-10
5.65275e-10
5.59679e-10
5.54137e-10
5.48651e-10
5.43219e-10
5.3784e-10
5.32515e-10
5.27243e-10
5.22022e-10
5.16854e-10
5.11736e-10
5.0667e-10
5.01653e-10
4.96686e-10
4.91769e-10
4.869e-10
4.82079e-10
4.77306e-10
4.7258e-10
4.67901e-10
4.63268e-10
4.58682e-10
4.5414e-10
4.49644e-10
4.45192e-10
4.40784e-10
4.3642e-10
4.32099e-10
4.27821e-10
4.23585e-10
4.19391e-10
4.15238e-10
4.11127e-10
4.07057e-10
4.03026e-10
3.99036e-10
3.95085e-10
3.91173e-10
3.873e-10
3.83466e-10
3.79669e-10
3.7591e-10
3.72188e-10
3.68503e-10
3.64854e-10
3.61242e-10
3.57665e-10
3.54124e-10
3.50618e-10
3.47146e-10
3.43709e-10
3.40306e-10
3.36937e-10
3.33601e-10
3.30298e-10
3.27028e-10
3.2379e-10
3.20584e-10
3.1741e-10
3.14267e-10
3.11156e-10
3.08075e-10
3.05025e-10
3.02005e-10
2.99014e-10
2.96054e-10
2.93123e-10
2.9022e-10
2.87347e-10
2.84502e-10
2.81685e-10
2.78896e-10
2.76135e-10
2.73401e-10
2.70694e-10
2.68014e-10
2.6536e-10
2.62733e-10
2.60132e-10
2.57556e-10
2.55006e-10
2.52481e-10
2.49981e-10
2.47506e-10
2.45056e-10
2.42629e-10
2.40227e-10
2.37849e-10
2.35494e-10
2.33162e-10
2.30854e-10
2.28568e-10
2.26305e-10
2.24064e-10
2.21846e-10
2.19649e-10
2.17474e-10
2.15321e-10
2.13189e-10
2.11079e-10
2.08989e-10
2.06919e-10
2.04871e-10
2.02842e-10
2.00834e-10
1.98846e-10
1.96877e-10
1.94927e-10
1.92998e-10
1.91087e-10
1.89195e-10
1.87321e-10
1.85467e-10
1.83631e-10
1.81812e-10
1.80012e-10
1.7823e-10
1.76465e-10
1.74718e-10
1.72988e-10
1.71276e-10
1.6958e-10
1.67901e-10
1.66238e-10
1.64592e-10
1.62963e-10
1.61349e-10
1.59752e-10
1.5817e-10
1.56604e-10
1.55053e-10
1.53518e-10
1.51998e-10
1.50493e-10
1.49003e-10
1.47528e-10
1.46067e-10
1.44621e-10
1.43189e-10
1.41772e-10
1.40368e-10
1.38978e-10
1.37602e-10
1.3624e-10
1.34891e-10
1.33555e-10
1.32233e-10
1.30924e-10
1.29627e-10
1.28344e-10
1.27073e-10
1.25815e-10
1.24569e-10
1.23336e-10
1.22115e-10
1.20906e-10
1.19709e-10
1.18523e-10
1.1735e-10
1.16188e-10
1.15038e-10
1.13899e-10
1.12771e-10
1.11654e-10
1.10549e-10
1.09454e-10
1.08371e-10
1.07298e-10
1.06235e-10
1.05184e-10
1.04142e-10
1.03111e-10
1.0209e-10
1.01079e-10
1.00079e-10
9.90877e-11
9.81066e-11
9.71353e-11
9.61735e-11
9.52213e-11
9.42785e-11
9.33451e-11
9.24209e-11
9.15058e-11
9.05998e-11
8.97028e-11
8.88146e-11
8.79353e-11
8.70646e-11
8.62026e-11
8.53491e-11
8.45041e-11
8.36674e-11
8.2839e-11
8.20188e-11
8.12068e-11
8.04027e-11
7.96067e-11
7.88185e-11
7.80381e-11
7.72655e-11
7.65004e-11
7.5743e-11
7.49931e-11
7.42506e-11
7.35154e-11
7.27876e-11
7.20669e-11
7.13533e-11
7.06469e-11
6.99474e-11
6.92549e-11
6.85692e-11
6.78903e-11
6.72181e-11
6.65526e-11
6.58936e-11
6.52412e-11
6.45953e-11
6.39557e-11
6.33225e-11
6.26955e-11
6.20748e-11
6.14602e-11
6.08517e-11
6.02492e-11
5.96526e-11
5.9062e-11
5.84772e-11
5.78983e-11
5.7325e-11
5.67574e-11
5.61955e-11
5.56391e-11
5.50882e-11
5.45428e-11
5.40028e-11
5.34681e-11
5.29387e-11
5.24145e-11
5.18956e-11
5.13818e-11
5.0873e-11
5.03693e-11
4.98706e-11
4.93769e-11
4.8888e-11
4.84039e-11
4.79247e-11
4.74502e-11
4.69804e-11
4.65152e-11
4.60547e-11
4.55987e-11
4.51472e-11
4.47002e-11
4.42577e-11
4.38195e-11
4.33856e-11
4.2956e-11
4.25307e-11
4.21096e-11
4.16927e-11
4.12799e-11
4.08712e-11
4.04665e-11
4.00659e-11
3.96692e-11
3.92764e-11
3.88875e-11
3.85025e-11
3.81213e-11
3.77439e-11
3.73702e-11
3.70002e-11
3.66338e-11
3.62711e-11
3.5912e-11
3.55564e-11
3.52044e-11
3.48558e-11
3.45107e-11
3.4169e-11
3.38307e-11
3.34958e-11
3.31641e-11
3.28358e-11
3.25107e-11
3.21888e-11
3.18701e-11
3.15545e-11
3.12421e-11
3.09328e-11
3.06265e-11
3.03233e-11
3.00231e-11
2.97258e-11
2.94315e-11
2.91401e-11
2.88516e-11
2.85659e-11
2.82831e-11
2.8003e-11
2.77258e-11
2.74513e-11
2.71795e-11
2.69104e-11
2.66439e-11
2.63801e-11
2.61189e-11
2.58603e-11
2.56043e-11
2.53508e-11
2.50998e-11
2.48513e-11
2.46052e-11
2.43616e-11
2.41204e-11
2.38816e-11
2.36451e-11
2.3411e-11
2.31792e-11
2.29497e-11
2.27225e-11
2.24975e-11
2.22748e-11
2.20542e-11
2.18359e-11
2.16197e-11
2.14056e-11
2.11937e-11
2.09839e-11
2.07761e-11
2.05704e-11
2.03667e-11
2.01651e-11
1.99654e-11
1.97677e-11
1.9572e-11
1.93782e-11
1.91864e-11
1.89964e-11
1.88083e-11
1.86221e-11
1.84377e-11
1.82552e-11
1.80744e-11
1.78955e-11
1.77183e-11
1.75429e-11
1.73692e-11
1.71972e-11
1.70269e-11
1.68584e-11
1.66914e-11
1.65262e-11
1.63626e-11
1.62005e-11
1.60401e-11
1.58813e-11
1.57241e-11
1.55684e-11
1.54143e-11
1.52616e-11
1.51105e-11
1.49609e-11
1.48128e-11
1.46661e-11
1.45209e-11
1.43772e-11
1.42348e-11
1.40939e-11
1.39543e-11
1.38162e-11
1.36794e-11
1.35439e-11
1.34098e-11
1.32771e-11
1.31456e-11
1.30155e-11
1.28866e-11
1.2759e-11
1.26327e-11
1.25076e-11
1.23838e-11
1.22611e-11
1.21398e-11
1.20196e-11
1.19006e-11
1.17827e-11
1.16661e-11
1.15506e-11
1.14362e-11
1.1323e-11
1.12109e-11
1.10999e-11
1.099e-11
1.08811e-11
1.07734e-11
1.06667e-11
1.05611e-11
1.04566e-11
1.0353e-11
1.02505e-11
1.0149e-11
1.00486e-11
9.94907e-12
9.85056e-12
9.75303e-12
9.65647e-12
9.56086e-12
9.4662e-12
9.37247e-12
9.27967e-12
9.1878e-12
9.09683e-12
9.00676e-12
8.91758e-12
8.82929e-12
8.74187e-12
8.65532e-12
8.56962e-12
8.48478e-12
8.40077e-12
8.31759e-12
8.23524e-12
8.1537e-12
8.07297e-12
7.99304e-12
7.9139e-12
7.83555e-12
7.75797e-12
7.68116e-12
7.60511e-12
7.52981e-12
7.45526e-12
7.38144e-12
7.30836e-12
7.236e-12
7.16435e-12
7.09342e-12
7.02319e-12
6.95365e-12
6.8848e-12
6.81664e-12
6.74915e-12
6.68232e-12
6.61616e-12
6.55065e-12
6.4858e-12
6.42158e-12
6.358e-12
6.29505e-12
6.23272e-12
6.17101e-12
6.10991e-12
6.04942e-12
5.98952e-12
5.93022e-12
5.87151e-12
5.81337e-12
5.75581e-12
5.69883e-12
5.6424e-12
5.58654e-12
5.53122e-12
5.47646e-12
5.42224e-12
5.36855e-12
5.3154e-12
5.26277e-12
5.21066e-12
5.15907e-12
5.10799e-12
5.05742e-12
5.00735e-12
4.95777e-12
4.90868e-12
4.86008e-12
4.81196e-12
4.76432e-12
4.71715e-12
4.67044e-12
4.6242e-12
4.57842e-12
4.53308e-12
4.4882e-12
4.44376e-12
4.39977e-12
4.35621e-12
4.31307e-12
4.27037e-12
4.22809e-12
4.18623e-12
4.14478e-12
4.10374e-12
4.06311e-12
4.02288e-12
3.98305e-12
3.94362e-12
3.90457e-12
3.86591e-12
3.82763e-12
3.78974e-12
3.75222e-12
3.71506e-12
3.67828e-12
3.64186e-12
3.6058e-12
3.5701e-12
3.53476e-12
3.49976e-12
3.46511e-12
3.4308e-12
3.39683e-12
3.3632e-12
3.3299e-12
3.29693e-12
3.26429e-12
3.23197e-12
3.19997e-12
3.16829e-12
3.13692e-12
3.10586e-12
3.07511e-12
3.04466e-12
3.01452e-12
2.98467e-12
2.95512e-12
2.92586e-12
2.89689e-12
2.86821e-12
2.83981e-12
2.81169e-12
2.78385e-12
2.75629e-12
2.729e-12
2.70198e-12
2.67523e-12
2.64874e-12
2.62252e-12
2.59655e-12
2.57084e-12
2.54539e-12
2.52019e-12
2.49523e-12
2.47053e-12
2.44607e-12
2.42185e-12
2.39787e-12
2.37413e-12
2.35062e-12
2.32735e-12
2.30431e-12
2.28149e-12
2.2589e-12
2.23654e-12
2.21439e-12
2.19247e-12
2.17076e-12
2.14927e-12
2.12799e-12
2.10692e-12
2.08606e-12
2.06541e-12
2.04496e-12
2.02471e-12
2.00466e-12
1.98481e-12
1.96516e-12
1.94571e-12
1.92644e-12
1.90737e-12
1.88848e-12
1.86978e-12
1.85127e-12
1.83294e-12
1.81479e-12
1.79683e-12
1.77904e-12
1.76142e-12
1.74398e-12
1.72671e-12
1.70962e-12
1.69269e-12
1.67593e-12
1.65934e-12
1.64291e-12
1.62664e-12
1.61054e-12
1.59459e-12
1.5788e-12
1.56317e-12
1.5477e-12
1.53237e-12
1.5172e-12
1.50218e-12
1.4873e-12
1.47258e-12
1.458e-12
1.44356e-12
1.42927e-12
1.41512e-12
1.40111e-12
1.38724e-12
1.3735e-12
1.3599e-12
1.34644e-12
1.33311e-12
1.31991e-12
1.30684e-12
1.2939e-12
1.28109e-12
1.26841e-12
1.25585e-12
1.24341e-12
1.2311e-12
1.21891e-12
1.20684e-12
1.19489e-12
1.18306e-12
1.17135e-12
1.15975e-12
1.14827e-12
1.1369e-12
1.12565e-12
1.1145e-12
1.10347e-12
1.09254e-12
1.08172e-12
1.07101e-12
1.06041e-12
1.04991e-12
1.03951e-12
1.02922e-12
1.01903e-12
1.00894e-12
9.98953e-13
9.89062e-13
9.7927e-13
9.69574e-13
9.59974e-13
9.50469e-13
9.41059e-13
9.31741e-13
9.22516e-13
9.13382e-13
9.04339e-13
8.95385e-13
8.8652e-13
8.77743e-13
8.69052e-13
8.60448e-13
8.51928e-13
8.43493e-13
8.35142e-13
8.26873e-13
8.18686e-13
8.10581e-13
8.02555e-13
7.94609e-13
7.86741e-13
7.78952e-13
7.7124e-13
7.63604e-13
7.56043e-13
7.48557e-13
7.41146e-13
7.33808e-13
7.26543e-13
7.19349e-13
7.12227e-13
7.05175e-13
6.98193e-13
6.9128e-13
6.84436e-13
6.77659e-13
6.7095e-13
6.64307e-13
6.57729e-13
6.51217e-13
6.4477e-13
6.38386e-13
6.32065e-13
6.25807e-13
6.19611e-13
6.13476e-13
6.07402e-13
6.01388e-13
5.95434e-13
5.89539e-13
5.83702e-13
5.77922e-13
5.722e-13
5.66535e-13
5.60926e-13
5.55372e-13
5.49873e-13
5.44429e-13
5.39039e-13
5.33702e-13
5.28417e-13
5.23186e-13
5.18005e-13
5.12877e-13
5.07799e-13
5.02771e-13
4.97793e-13
4.92864e-13
4.87985e-13
4.83153e-13
4.78369e-13
4.73633e-13
4.68944e-13
4.64301e-13
4.59704e-13
4.55152e-13
4.50646e-13
4.46184e-13
4.41766e-13
4.37392e-13
4.33062e-13
4.28774e-13
4.24529e-13
4.20325e-13
4.16164e-13
4.12043e-13
4.07964e-13
4.03924e-13
3.99925e-13
3.95965e-13
3.92045e-13
3.88163e-13
3.8432e-13
3.80515e-13
3.76747e-13
3.73017e-13
3.69324e-13
3.65667e-13
3.62047e-13
3.58462e-13
3.54913e-13
3.51399e-13
3.4792e-13
3.44475e-13
3.41065e-13
3.37688e-13
3.34344e-13
3.31034e-13
3.27756e-13
3.24511e-13
3.21298e-13
3.18117e-13
3.14967e-13
3.11849e-13
3.08761e-13
3.05704e-13
3.02678e-13
2.99681e-13
2.96714e-13
2.93776e-13
2.90867e-13
2.87987e-13
2.85136e-13
2.82313e-13
2.79518e-13
2.7675e-13
2.7401e-13
2.71297e-13
2.68611e-13
2.65951e-13
2.63318e-13
2.60711e-13
2.5813e-13
2.55574e-13
2.53044e-13
2.50538e-13
2.48058e-13
2.45602e-13
2.4317e-13
2.40762e-13
2.38379e-13
2.36018e-13
2.33682e-13
2.31368e-13
2.29077e-13
2.26809e-13
2.24563e-13
2.2234e-13
2.20139e-13
2.17959e-13
2.15801e-13
2.13664e-13
2.11549e-13
2.09454e-13
2.07381e-13
2.05327e-13
2.03294e-13
2.01281e-13
1.99289e-13
1.97315e-13
1.95362e-13
1.93428e-13
1.91512e-13
1.89616e-13
1.87739e-13
1.8588e-13
1.8404e-13
1.82218e-13
1.80413e-13
1.78627e-13
1.76859e-13
1.75107e-13
1.73374e-13
1.71657e-13
1.69958e-13
1.68275e-13
1.66609e-13
1.64959e-13
1.63326e-13
1.61709e-13
1.60108e-13
1.58522e-13
1.56953e-13
1.55399e-13
1.5386e-13
1.52337e-13
1.50829e-13
1.49335e-13
1.47857e-13
1.46393e-13
1.44943e-13
1.43508e-13
1.42087e-13
1.40681e-13
1.39288e-13
1.37909e-13
1.36543e-13
1.35191e-13
1.33853e-13
1.32528e-13
1.31215e-13
1.29916e-13
1.2863e-13
1.27356e-13
1.26095e-13
1.24847e-13
1.23611e-13
1.22387e-13
1.21175e-13
1.19975e-13
1.18788e-13
1.17611e-13
1.16447e-13
1.15294e-13
1.14153e-13
1.13022e-13
1.11903e-13
1.10795e-13
1.09698e-13
1.08612e-13
1.07537e-13
1.06472e-13
1.05418e-13
1.04374e-13
1.03341e-13
1.02318e-13
1.01305e-13
1.00302e-13
9.93085e-14
9.83252e-14
9.73517e-14
9.63878e-14
9.54335e-14
9.44886e-14
9.35531e-14
9.26268e-14
9.17097e-14
9.08017e-14
8.99027e-14
8.90125e-14
8.81312e-14
8.72586e-14
8.63947e-14
8.55393e-14
8.46924e-14
8.38538e-14
8.30236e-14
8.22016e-14
8.13877e-14
8.05819e-14
7.9784e-14
7.89941e-14
7.8212e-14
7.74376e-14
7.66709e-14
7.59118e-14
7.51602e-14
7.4416e-14
7.36792e-14
7.29497e-14
7.22275e-14
7.15123e-14
7.08043e-14
7.01033e-14
6.94092e-14
6.87219e-14
6.80415e-14
6.73679e-14
6.67008e-14
6.60404e-14
6.53866e-14
6.47392e-14
6.40982e-14
6.34636e-14
6.28352e-14
6.22131e-14
6.15971e-14
6.09872e-14
6.03834e-14
5.97855e-14
5.91936e-14
5.86075e-14
5.80273e-14
5.74527e-14
5.68839e-14
5.63207e-14
5.57631e-14
5.5211e-14
5.46643e-14
5.41231e-14
5.35872e-14
5.30566e-14
5.25313e-14
5.20112e-14
5.14963e-14
5.09864e-14
5.04816e-14
4.99818e-14
4.94869e-14
4.89969e-14
4.85118e-14
4.80315e-14
4.75559e-14
4.70851e-14
4.66189e-14
4.61573e-14
4.57003e-14
4.52478e-14
4.47998e-14
4.43563e-14
4.39171e-14
4.34823e-14
4.30518e-14
4.26255e-14
4.22035e-14
4.17856e-14
4.13719e-14
4.09623e-14
4.05567e-14
4.01552e-14
3.97576e-14
3.93639e-14
3.89742e-14
3.85883e-14
3.82062e-14
3.7828e-14
3.74534e-14
3.70826e-14
3.67155e-14
3.63519e-14
3.5992e-14
3.56357e-14
3.52828e-14
3.49335e-14
3.45876e-14
3.42452e-14
3.39061e-14
3.35704e-14
3.3238e-14
3.29089e-14
3.25831e-14
3.22605e-14
3.19411e-14
3.16248e-14
3.13117e-14
3.10017e-14
3.06948e-14
3.03908e-14
3.00899e-14
2.9792e-14
2.94971e-14
2.9205e-14
2.89158e-14
2.86296e-14
2.83461e-14
2.80654e-14
2.77876e-14
2.75124e-14
2.724e-14
2.69703e-14
2.67033e-14
2.64389e-14
2.61771e-14
2.5918e-14
2.56613e-14
2.54073e-14
2.51557e-14
2.49067e-14
2.46601e-14
2.44159e-14
2.41741e-14
2.39348e-14
2.36978e-14
2.34632e-14
2.32309e-14
2.30009e-14
2.27731e-14
2.25477e-14
2.23244e-14
2.21034e-14
2.18845e-14
2.16679e-14
2.14533e-14
2.12409e-14
2.10306e-14
2.08224e-14
2.06162e-14
2.04121e-14
2.021e-14
2.00099e-14
1.98118e-14
1.96156e-14
1.94214e-14
1.92291e-14
1.90387e-14
1.88502e-14
1.86636e-14
1.84788e-14
1.82959e-14
1.81147e-14
1.79354e-14
1.77578e-14
1.7582e-14
1.74079e-14
1.72355e-14
1.70649e-14
1.68959e-14
1.67286e-14
1.6563e-14
1.6399e-14
1.62366e-14
1.60759e-14
1.59167e-14
1.57591e-14
1.56031e-14
1.54486e-14
1.52957e-14
1.51442e-14
1.49943e-14
1.48458e-14
1.46988e-14
1.45533e-14
1.44092e-14
1.42665e-14
1.41253e-14
1.39854e-14
1.3847e-14
1.37099e-14
1.35741e-14
1.34397e-14
1.33067e-14
1.31749e-14
1.30445e-14
1.29153e-14
1.27874e-14
1.26608e-14
1.25355e-14
1.24114e-14
1.22885e-14
1.21668e-14
1.20463e-14
1.19271e-14
1.1809e-14
1.16921e-14
1.15763e-14
1.14617e-14
1.13482e-14
1.12358e-14
1.11246e-14
1.10144e-14
1.09054e-14
1.07974e-14
1.06905e-14
1.05847e-14
1.04799e-14
1.03761e-14
1.02734e-14
1.01717e-14
1.00709e-14
9.97123e-15
9.87251e-15
9.77476e-15
9.67798e-15
9.58216e-15
9.48729e-15
9.39335e-15
9.30035e-15
9.20827e-15
9.1171e-15
9.02683e-15
8.93745e-15
8.84896e-15
8.76135e-15
8.67461e-15
8.58872e-15
8.50368e-15
8.41949e-15
8.33612e-15
8.25359e-15
8.17187e-15
8.09096e-15
8.01085e-15
7.93154e-15
7.85301e-15
7.77525e-15
7.69827e-15
7.62205e-15
7.54659e-15
7.47187e-15
7.39789e-15
7.32464e-15
7.25212e-15
7.18032e-15
7.10922e-15
7.03884e-15
6.96914e-15
6.90014e-15
6.83183e-15
6.76418e-15
6.69721e-15
6.6309e-15
6.56525e-15
6.50025e-15
6.43589e-15
6.37217e-15
6.30908e-15
6.24661e-15
6.18476e-15
6.12353e-15
6.0629e-15
6.00287e-15
5.94343e-15
5.88459e-15
5.82633e-15
5.76864e-15
5.71152e-15
5.65497e-15
5.59898e-15
5.54355e-15
5.48866e-15
5.43432e-15
5.38051e-15
5.32724e-15
5.2745e-15
5.22227e-15
5.17057e-15
5.11937e-15
5.06869e-15
5.0185e-15
4.96881e-15
4.91962e-15
4.87091e-15
4.82268e-15
4.77493e-15
4.72766e-15
4.68085e-15
4.6345e-15
4.58862e-15
4.54318e-15
4.4982e-15
4.45367e-15
4.40957e-15
4.36591e-15
4.32268e-15
4.27989e-15
4.23751e-15
4.19556e-15
4.15401e-15
4.11289e-15
4.07216e-15
4.03185e-15
3.99193e-15
3.9524e-15
3.91327e-15
3.87452e-15
3.83616e-15
3.79818e-15
3.76058e-15
3.72334e-15
3.68648e-15
3.64998e-15
3.61384e-15
3.57806e-15
3.54263e-15
3.50756e-15
3.47283e-15
3.43844e-15
3.4044e-15
3.37069e-15
3.33732e-15
3.30428e-15
3.27156e-15
3.23917e-15
3.2071e-15
3.17535e-15
3.14391e-15
3.11278e-15
3.08196e-15
3.05144e-15
3.02123e-15
2.99132e-15
2.9617e-15
2.93238e-15
2.90334e-15
2.8746e-15
2.84614e-15
2.81796e-15
2.79006e-15
2.76243e-15
2.73508e-15
2.708e-15
2.68119e-15
2.65464e-15
2.62836e-15
2.60234e-15
2.57657e-15
2.55106e-15
2.5258e-15
2.50079e-15
2.47603e-15
2.45152e-15
2.42725e-15
2.40321e-15
2.37942e-15
2.35586e-15
2.33254e-15
2.30944e-15
2.28658e-15
2.26394e-15
2.24152e-15
2.21933e-15
2.19735e-15
2.1756e-15
2.15406e-15
2.13273e-15
2.11161e-15
2.09071e-15
2.07001e-15
2.04951e-15
2.02922e-15
2.00913e-15
1.98924e-15
1.96954e-15
1.95004e-15
1.93073e-15
1.91162e-15
1.89269e-15
1.87395e-15
1.8554e-15
1.83703e-15
1.81884e-15
1.80083e-15
1.783e-15
1.76535e-15
1.74787e-15
1.73056e-15
1.71343e-15
1.69646e-15
1.67967e-15
1.66304e-15
1.64657e-15
1.63027e-15
1.61413e-15
1.59814e-15
1.58232e-15
1.56666e-15
1.55114e-15
1.53579e-15
1.52058e-15
1.50552e-15
1.49062e-15
1.47586e-15
1.46125e-15
1.44678e-15
1.43246e-15
1.41827e-15
1.40423e-15
1.39033e-15
1.37656e-15
1.36293e-15
1.34944e-15
1.33608e-15
1.32285e-15
1.30975e-15
1.29678e-15
1.28394e-15
1.27123e-15
1.25864e-15
1.24618e-15
1.23384e-15
1.22163e-15
1.20953e-15
1.19756e-15
1.1857e-15
1.17396e-15
1.16234e-15
1.15083e-15
1.13943e-15
1.12815e-15
1.11698e-15
1.10592e-15
1.09497e-15
1.08413e-15
1.0734e-15
1.06277e-15
1.05225e-15
1.04183e-15
1.03152e-15
1.0213e-15
1.01119e-15
1.00118e-15
9.91266e-16
9.81452e-16
9.71734e-16
9.62113e-16
9.52587e-16
9.43156e-16
9.33817e-16
9.24572e-16
9.15418e-16
9.06354e-16
8.9738e-16
8.88495e-16
8.79698e-16
8.70988e-16
8.62365e-16
8.53826e-16
8.45373e-16
8.37003e-16
8.28716e-16
8.2051e-16
8.12387e-16
8.04343e-16
7.96379e-16
7.88494e-16
7.80688e-16
7.72958e-16
7.65305e-16
7.57728e-16
7.50225e-16
7.42797e-16
7.35443e-16
7.28161e-16
7.20952e-16
7.13814e-16
7.06746e-16
6.99749e-16
6.92821e-16
6.85961e-16
6.79169e-16
6.72445e-16
6.65787e-16
6.59195e-16
6.52668e-16
6.46206e-16
6.39808e-16
6.33473e-16
6.27201e-16
6.20992e-16
6.14843e-16
6.08756e-16
6.02728e-16
5.96761e-16
5.90852e-16
5.85002e-16
5.7921e-16
5.73475e-16
5.67797e-16
5.62176e-16
5.56609e-16
5.51098e-16
5.45642e-16
5.4024e-16
5.34891e-16
5.29595e-16
5.24351e-16
5.1916e-16
5.14019e-16
5.0893e-16
5.03891e-16
4.98902e-16
4.93963e-16
4.89072e-16
4.8423e-16
4.79435e-16
4.74688e-16
4.69988e-16
4.65335e-16
4.60728e-16
4.56166e-16
4.5165e-16
4.47178e-16
4.4275e-16
4.38367e-16
4.34026e-16
4.29729e-16
4.25474e-16
4.21262e-16
4.17091e-16
4.12961e-16
4.08873e-16
4.04824e-16
4.00816e-16
3.96848e-16
3.92918e-16
3.89028e-16
3.85176e-16
3.81363e-16
3.77587e-16
3.73848e-16
3.70147e-16
3.66482e-16
3.62854e-16
3.59261e-16
3.55704e-16
3.52182e-16
3.48695e-16
3.45243e-16
3.41825e-16
3.3844e-16
3.35089e-16
3.31772e-16
3.28487e-16
3.25234e-16
3.22014e-16
3.18826e-16
3.15669e-16
3.12544e-16
3.09449e-16
3.06385e-16
3.03352e-16
3.00348e-16
2.97375e-16
2.9443e-16
2.91515e-16
2.88629e-16
2.85771e-16
2.82942e-16
2.8014e-16
2.77367e-16
2.74621e-16
2.71902e-16
2.69209e-16
2.66544e-16
2.63905e-16
2.61292e-16
2.58705e-16
2.56144e-16
2.53607e-16
2.51096e-16
2.4861e-16
2.46149e-16
2.43712e-16
2.41299e-16
2.3891e-16
2.36544e-16
2.34202e-16
2.31883e-16
2.29588e-16
2.27314e-16
2.25064e-16
2.22835e-16
2.20629e-16
2.18445e-16
2.16282e-16
2.1414e-16
2.1202e-16
2.09921e-16
2.07843e-16
2.05785e-16
2.03747e-16
2.0173e-16
1.99733e-16
1.97755e-16
1.95797e-16
1.93859e-16
1.91939e-16
1.90039e-16
1.88157e-16
1.86294e-16
1.8445e-16
1.82624e-16
1.80815e-16
1.79025e-16
1.77253e-16
1.75498e-16
1.7376e-16
1.7204e-16
1.70336e-16
1.6865e-16
1.6698e-16
1.65327e-16
1.6369e-16
1.62069e-16
1.60464e-16
1.58876e-16
1.57303e-16
1.55745e-16
1.54203e-16
1.52676e-16
1.51165e-16
1.49668e-16
1.48186e-16
1.46719e-16
1.45266e-16
1.43828e-16
1.42404e-16
1.40994e-16
1.39598e-16
1.38216e-16
1.36847e-16
1.35493e-16
1.34151e-16
1.32823e-16
1.31508e-16
1.30206e-16
1.28917e-16
1.2764e-16
1.26376e-16
1.25125e-16
1.23886e-16
1.2266e-16
1.21445e-16
1.20243e-16
1.19052e-16
1.17874e-16
1.16706e-16
1.15551e-16
1.14407e-16
1.13274e-16
1.12153e-16
1.11042e-16
1.09943e-16
1.08854e-16
1.07776e-16
1.06709e-16
1.05653e-16
1.04607e-16
1.03571e-16
1.02546e-16
1.0153e-16
1.00525e-16
9.95297e-17
9.85443e-17
9.75686e-17
9.66026e-17
9.56461e-17
9.46991e-17
9.37615e-17
9.28332e-17
9.1914e-17
9.1004e-17
9.0103e-17
8.92109e-17
8.83276e-17
8.74531e-17
8.65872e-17
8.57299e-17
8.48811e-17
8.40407e-17
8.32086e-17
8.23847e-17
8.15691e-17
8.07614e-17
7.99618e-17
7.91701e-17
7.83863e-17
7.76102e-17
7.68417e-17
7.60809e-17
7.53276e-17
7.45818e-17
7.38434e-17
7.31123e-17
7.23884e-17
7.16717e-17
7.09621e-17
7.02595e-17
6.95638e-17
6.88751e-17
6.81931e-17
6.7518e-17
6.68495e-17
6.61876e-17
6.55323e-17
6.48834e-17
6.4241e-17
6.3605e-17
6.29752e-17
6.23517e-17
6.17344e-17
6.11231e-17
6.05179e-17
5.99188e-17
5.93255e-17
5.87381e-17
5.81566e-17
5.75808e-17
5.70106e-17
5.64462e-17
5.58873e-17
5.5334e-17
5.47861e-17
5.42437e-17
5.37066e-17
5.31749e-17
5.26484e-17
5.21271e-17
5.1611e-17
5.11e-17
5.05941e-17
5.00931e-17
4.95971e-17
4.91061e-17
4.86199e-17
4.81385e-17
4.76619e-17
4.719e-17
4.67228e-17
4.62602e-17
4.58021e-17
4.53486e-17
4.48997e-17
4.44551e-17
4.4015e-17
4.35792e-17
4.31477e-17
4.27205e-17
4.22975e-17
4.18787e-17
4.14641e-17
4.10535e-17
4.06471e-17
4.02446e-17
3.98462e-17
3.94516e-17
3.9061e-17
3.86743e-17
3.82914e-17
3.79123e-17
3.75369e-17
3.71652e-17
3.67973e-17
3.64329e-17
3.60722e-17
3.57151e-17
3.53614e-17
3.50113e-17
3.46647e-17
3.43215e-17
3.39817e-17
3.36452e-17
3.33121e-17
3.29823e-17
3.26557e-17
3.23324e-17
3.20123e-17
3.16953e-17
3.13815e-17
3.10708e-17
3.07631e-17
3.04586e-17
3.0157e-17
2.98584e-17
2.95628e-17
2.92701e-17
2.89803e-17
2.86933e-17
2.84093e-17
2.8128e-17
2.78495e-17
2.75737e-17
2.73007e-17
2.70304e-17
2.67628e-17
2.64978e-17
2.62355e-17
2.59757e-17
2.57185e-17
2.54639e-17
2.52118e-17
2.49621e-17
2.4715e-17
2.44703e-17
2.4228e-17
2.39881e-17
2.37506e-17
2.35155e-17
2.32826e-17
2.30521e-17
2.28239e-17
2.25979e-17
2.23742e-17
2.21526e-17
2.19333e-17
2.17161e-17
2.15011e-17
2.12882e-17
2.10775e-17
2.08688e-17
2.06622e-17
2.04576e-17
2.0255e-17
2.00545e-17
1.98559e-17
1.96593e-17
1.94647e-17
1.9272e-17
1.90812e-17
1.88922e-17
1.87052e-17
1.852e-17
1.83366e-17
1.81551e-17
1.79753e-17
1.77973e-17
1.76211e-17
1.74467e-17
1.72739e-17
1.71029e-17
1.69336e-17
1.67659e-17
1.65999e-17
1.64355e-17
1.62728e-17
1.61117e-17
1.59522e-17
1.57942e-17
1.56379e-17
1.5483e-17
1.53297e-17
1.5178e-17
1.50277e-17
1.48789e-17
1.47316e-17
1.45857e-17
1.44413e-17
1.42983e-17
1.41568e-17
1.40166e-17
1.38778e-17
1.37404e-17
1.36044e-17
1.34697e-17
1.33363e-17
1.32043e-17
1.30735e-17
1.29441e-17
1.28159e-17
1.2689e-17
1.25634e-17
1.2439e-17
1.23158e-17
1.21939e-17
1.20732e-17
1.19536e-17
1.18353e-17
1.17181e-17
1.16021e-17
1.14872e-17
1.13735e-17
1.12609e-17
1.11494e-17
1.1039e-17
1.09297e-17
1.08215e-17
1.07143e-17
1.06083e-17
1.05032e-17
1.03992e-17
1.02963e-17
1.01943e-17
1.00934e-17
9.99345e-18
9.89451e-18
9.79654e-18
9.69955e-18
9.60351e-18
9.50843e-18
9.41428e-18
9.32107e-18
9.22879e-18
9.13741e-18
9.04694e-18
8.95737e-18
8.86868e-18
8.78087e-18
8.69393e-18
8.60785e-18
8.52263e-18
8.43825e-18
8.3547e-18
8.27198e-18
8.19008e-18
8.10899e-18
8.0287e-18
7.94921e-18
7.8705e-18
7.79258e-18
7.71542e-18
7.63903e-18
7.5634e-18
7.48851e-18
7.41437e-18
7.34096e-18
7.26828e-18
7.19632e-18
7.12506e-18
7.05452e-18
6.98467e-18
6.91552e-18
6.84705e-18
6.77925e-18
6.71213e-18
6.64568e-18
6.57988e-18
6.51473e-18
6.45023e-18
6.38636e-18
6.32313e-18
6.26053e-18
6.19854e-18
6.13717e-18
6.07641e-18
6.01624e-18
5.95668e-18
5.8977e-18
5.83931e-18
5.78149e-18
5.72425e-18
5.66757e-18
5.61146e-18
5.5559e-18
5.50089e-18
5.44643e-18
5.3925e-18
5.33911e-18
5.28625e-18
5.23391e-18
